0, 6, 6
0, 6, 6
0, 6, 6
0, 6, 6
expanding
1, 6, 5
0, 6, 5
1, 6, 5
1, 6, 5
0, 6, 5
0, 6, 5
0, 6, 5
0, 6, 5
0, 6, 5
1, 6, 5
1, 6, 5
expanding
2, 6, 4
1, 6, 4
0, 6, 4
0, 6, 4
0, 6, 4
0, 6, 4
0, 6, 4
0, 6, 4
1, 6, 4
2, 6, 4
0, 6, 6
0, 6, 6
expanding
1, 6, 5
0, 6, 5
0, 6, 5
0, 6, 5
0, 6, 6
0, 6, 6
expanding
1, 6, 5
1, 6, 5
expanding
2, 6, 4
1, 6, 4
1, 6, 4
0, 6, 4
0, 6, 4
0, 6, 4
1, 6, 4
1, 6, 4
1, 6, 4
0, 6, 6
0, 6, 6
expanding
1, 6, 5
1, 6, 5
expanding
2, 6, 4
1, 6, 4
1, 6, 4
1, 6, 4
0, 6, 6
0, 6, 6
expanding
1, 6, 5
0, 6, 5
0, 6, 5
1, 6, 5
expanding
2, 6, 4
expanding
3, 6, 3
expanding
4, 6, 2
expanding
5, 6, 1
expanding
6, 6, 0
5, 6, 0
4, 6, 0
3, 6, 0
2, 6, 0
1, 6, 0
0, 6, 1
0, 6, 1
0, 6, 1
0, 6, 1
0, 6, 1
0, 6, 1
0, 6, 1
0, 6, 1
0, 6, 1
0, 6, 1
0, 6, 1
0, 6, 1
0, 6, 1
0, 50, 5
0, 50, 5
1, 50, 5
1, 50, 5
2, 50, 5
2, 50, 5
1, 50, 5
1, 50, 5
1, 50, 5
1, 50, 5
2, 50, 5
1, 50, 5
2, 50, 5
2, 50, 5
1, 50, 5
1, 50, 5
0, 50, 5
0, 50, 5
0, 50, 5
1, 50, 5
2, 50, 5
0, 9, 9
0, 9, 9
expanding
1, 9, 8
0, 9, 8
0, 9, 8
1, 9, 8
1, 9, 8
expanding
2, 9, 7
2, 9, 7
expanding
3, 9, 6
3, 9, 6
expanding
4, 9, 5
4, 9, 5
expanding
5, 9, 4
5, 9, 4
expanding
6, 9, 3
6, 9, 3
expanding
7, 9, 2
7, 9, 2
expanding
8, 9, 1
8, 9, 1
expanding
9, 9, 0
8, 9, 0
7, 9, 0
6, 9, 0
5, 9, 0
4, 9, 0
0, 9, 9
0, 9, 9
expanding
1, 9, 8
1, 9, 8
expanding
2, 9, 7
2, 9, 7
expanding
3, 9, 6
3, 9, 6
expanding
4, 9, 5
4, 9, 5
expanding
5, 9, 4
5, 9, 4
expanding
6, 9, 3
6, 9, 3
expanding
7, 9, 2
6, 9, 2
5, 9, 2
6, 9, 2
5, 9, 2
5, 9, 2
4, 9, 2
4, 9, 2
3, 9, 2
4, 9, 2
4, 9, 2
4, 9, 2
4, 9, 2
4, 9, 2
3, 9, 2
4, 9, 2
4, 9, 2
4, 9, 2
4, 9, 2
3, 9, 2
3, 9, 2
3, 9, 2
3, 9, 2
3, 9, 2
2, 9, 2
2, 9, 2
1, 9, 2
1, 9, 2
0, 9, 2
0, 9, 2
1, 9, 2
2, 9, 2
3, 9, 2
4, 9, 2
5, 9, 2
6, 9, 2
7, 9, 2
expanding
8, 9, 1
7, 9, 1
6, 9, 1
5, 9, 1
4, 9, 1
3, 9, 1
2, 9, 1
1, 9, 1
0, 9, 1
0, 9, 1
0, 9, 1
0, 9, 1
0, 9, 1
0, 9, 1
0, 9, 1
0, 9, 1
1, 9, 1
2, 9, 1
3, 9, 1
4, 9, 1
5, 9, 1
6, 9, 1
7, 9, 1
8, 9, 1
8, 9, 1
8, 9, 1
expanding
9, 9, 0
expanding
10, 9, -1
0, 9, 9
0, 9, 9
expanding
1, 9, 8
1, 9, 8
expanding
2, 9, 7
2, 9, 7
expanding
3, 9, 6
3, 9, 6
expanding
4, 9, 5
4, 9, 5
expanding
5, 9, 4
5, 9, 4
expanding
6, 9, 3
6, 9, 3
expanding
7, 9, 2
7, 9, 2
expanding
8, 9, 1
8, 9, 1
expanding
9, 9, 0
9, 9, 0
expanding
10, 9, -1
10, 9, -1
expanding
11, 9, -2
11, 9, -2
expanding
12, 9, -3
11, 9, -3
10, 9, -3
9, 9, -3
8, 9, -3
7, 9, -3
6, 9, -3
5, 9, -3
4, 9, -3
3, 9, -2
2, 9, -1
1, 9, 0
0, 9, 1
0, 9, 1
0, 9, 1
0, 9, 1
0, 9, 1
0, 9, 1
0, 9, 1
0, 9, 1
0, 9, 1
0, 9, 1
0, 9, 1
0, 9, 1
0, 9, 1
0, 9, 1
0, 9, 1
0, 9, 1
0, 9, 1
0, 9, 1
0, 9, 1
0, 9, 1
0, 9, 1
0, 9, 1
0, 9, 1
0, 9, 1
0, 9, 1
0, 9, 1
0, 9, 5
0, 9, 5
1, 9, 5
1, 9, 5
2, 9, 5
2, 9, 5
3, 9, 5
3, 9, 5
expanding
4, 9, 4
4, 9, 4
expanding
5, 9, 3
5, 9, 3
expanding
6, 9, 2
6, 9, 2
expanding
7, 9, 1
7, 9, 1
expanding
8, 9, 0
7, 9, 0
6, 9, 0
5, 9, 0
4, 9, 0
3, 9, 0
2, 9, 0
1, 9, 0
0, 9, 1
0, 9, 1
0, 9, 1
0, 9, 1
0, 9, 1
0, 9, 1
0, 9, 1
0, 9, 1
0, 9, 1
0, 9, 1
0, 9, 1
0, 9, 1
0, 9, 1
0, 9, 1
0, 9, 9
0, 9, 9
expanding
1, 9, 8
1, 9, 8
expanding
2, 9, 7
1, 9, 7
1, 9, 7
1, 9, 7
2, 9, 7
2, 9, 7
expanding
3, 9, 6
2, 9, 6
3, 9, 6
expanding
4, 9, 5
expanding
5, 9, 4
expanding
6, 9, 3
expanding
7, 9, 2
expanding
8, 9, 1
expanding
9, 9, 0
8, 9, 0
7, 9, 0
6, 9, 0
5, 9, 0
4, 9, 0
3, 9, 0
2, 9, 0
1, 9, 0
0, 9, 1
0, 9, 9
0, 9, 9
expanding
1, 9, 8
expanding
2, 9, 7
1, 9, 7
0, 9, 7
0, 9, 7
0, 9, 7
